image_width: 640
image_height: 480
camera_name: rgb_Astra_Orbbec
camera_matrix:
  rows: 3
  cols: 3
  data: [529.411934, 0.000000, 316.272069, 0.000000, 530.591063, 239.575586, 0.000000, 0.000000, 1.000000]
distortion_model: plumb_bob
distortion_coefficients:
  rows: 1
  cols: 5
  data: [0.017802, -0.089449, 0.003596, 0.004143, 0.000000]
rectification_matrix:
  rows: 3
  cols: 3
  data: [1.000000, 0.000000, 0.000000, 0.000000, 1.000000, 0.000000, 0.000000, 0.000000, 1.000000]
projection_matrix:
  rows: 3
  cols: 4
  data: [526.561035, 0.000000, 318.681420, 0.000000, 0.000000, 530.937561, 240.799679, 0.000000, 0.000000, 0.000000, 1.000000, 0.000000]
